hs1	10000	10000	0.1335
hs1	10001	10001	0.126
hs1	10002	10002	0.126
hs1	10003	10003	0.134
hs1	10004	10004	0.134
hs1	10005	10005	0.134
hs1	10006	10006	0.1335
hs1	10007	10007	0.126
hs1	10008	10008	0.126
hs1	10009	10009	0.134
hs1	10010	10010	0.134
hs1	10011	10011	0.134
hs1	10012	10012	0.1335
hs1	10013	10013	0.126
hs1	10014	10014	0.126
hs1	10015	10015	0.134
hs1	10016	10016	0.134
hs1	10017	10017	0.134
hs1	10018	10018	0.1335
hs1	10019	10019	0.126
hs1	10020	10020	0.126
hs1	10021	10021	0.134
hs1	10022	10022	0.134
hs1	10023	10023	0.134
hs1	10024	10024	0.1335
hs1	10025	10025	0.126
hs1	10026	10026	0.126
hs1	10027	10027	0.134
hs1	10028	10028	0.134
hs1	10029	10029	0.134
hs1	10030	10030	0.1335
hs1	10031	10031	0.126
hs1	10032	10032	0.126
hs1	10033	10033	0.134
hs1	10034	10034	0.134
hs1	10035	10035	0.134
hs1	10036	10036	0.1335
hs1	10037	10037	0.126
hs1	10038	10038	0.126
hs1	10039	10039	0.134
hs1	10040	10040	0.134
hs1	10041	10041	0.134
hs1	10042	10042	0.1335
hs1	10043	10043	0.126
hs1	10044	10044	0.126
hs1	10045	10045	0.134
hs1	10046	10046	0.134
hs1	10047	10047	0.134
hs1	10048	10048	0.1335
hs1	10049	10049	0.126
hs1	10050	10050	0.126
hs1	10051	10051	0.134
hs1	10052	10052	0.134
hs1	10053	10053	0.134
hs1	10054	10054	0.1335
hs1	10055	10055	0.126
hs1	10056	10056	0.126
hs1	10057	10057	0.134
hs1	10058	10058	0.134
hs1	10059	10059	0.134
hs1	10060	10060	0.1335
hs1	10061	10061	0.126
hs1	10062	10062	0.126
hs1	10063	10063	0.134
hs1	10064	10064	0.134
hs1	10065	10065	0.134
hs1	10066	10066	0.1335
hs1	10067	10067	0.126
hs1	10068	10068	0.126
hs1	10069	10069	0.134
hs1	10070	10070	0.134
hs1	10071	10071	0.134
hs1	10072	10072	0.1335
hs1	10073	10073	0.126
hs1	10074	10074	0.126
hs1	10075	10075	0.134
hs1	10076	10076	0.134
hs1	10077	10077	0.134
hs1	10078	10078	0.1335
hs1	10079	10079	0.126
hs1	10080	10080	0.126
hs1	10081	10081	0.134
hs1	10082	10082	0.134
hs1	10083	10083	0.134
hs1	10084	10084	0.1335
hs1	10085	10085	0.126
hs1	10086	10086	0.126
hs1	10087	10087	0.134
hs1	10088	10088	0.134
hs1	10089	10089	0.134
hs1	10090	10090	0.1335
hs1	10091	10091	0.126
hs1	10092	10092	0.126
hs1	10093	10093	0.134
hs1	10094	10094	0.134
hs1	10095	10095	0.134
hs1	10096	10096	0.1335
hs1	10097	10097	0.126
hs1	10098	10098	0.126
hs1	10099	10099	0.134
hs1	10100	10100	0.134
hs1	10101	10101	0.134
hs1	10102	10102	0.1335
hs1	10103	10103	0.126
hs1	10104	10104	0.126
hs1	10105	10105	0.134
hs1	10106	10106	0.134
hs1	10107	10107	0.134
hs1	10108	10108	0.126
hs1	10109	10109	0.126
hs1	10110	10110	0.134
hs1	10111	10111	0.134
hs1	10112	10112	0.134
hs1	10113	10113	0.1335
hs1	10114	10114	0.126
hs1	10115	10115	0.126
hs1	10116	10116	0.134
hs1	10117	10117	0.134
hs1	10118	10118	0.134
hs1	10119	10119	0.1335
hs1	10120	10120	0.126
hs1	10121	10121	0.126
hs1	10122	10122	0.134
hs1	10123	10123	0.134
hs1	10124	10124	0.134
hs1	10125	10125	0.1335
hs1	10126	10126	0.126
hs1	10127	10127	0.126
hs1	10128	10128	0.134
hs1	10129	10129	0.134
hs1	10130	10130	0.134
hs1	10131	10131	0.1335
hs1	10132	10132	0.126
hs1	10133	10133	0.126
hs1	10134	10134	0.134
hs1	10135	10135	0.134
hs1	10136	10136	0.134
hs1	10137	10137	0.1335
hs1	10138	10138	0.126
hs1	10139	10139	0.126
hs1	10140	10140	0.134
hs1	10141	10141	0.134
hs1	10142	10142	0.134
hs1	10143	10143	0.1335
hs1	10144	10144	0.126
hs1	10145	10145	0.126
hs1	10146	10146	0.134
hs1	10147	10147	0.134
hs1	10148	10148	0.134
hs1	10149	10149	0.134
hs1	10150	10150	0.1335
hs1	10151	10151	0.126
hs1	10152	10152	0.126
hs1	10153	10153	0.134
hs1	10154	10154	0.134
hs1	10155	10155	0.134
hs1	10156	10156	0.1335
hs1	10157	10157	0.126
hs1	10158	10158	0.126
hs1	10159	10159	0.134
hs1	10160	10160	0.134
hs1	10161	10161	0.134
hs1	10162	10162	0.1335
hs1	10163	10163	0.126
hs1	10164	10164	0.126
hs1	10165	10165	0.134
hs1	10166	10166	0.134
hs1	10167	10167	0.134
hs1	10168	10168	0.1335
hs1	10169	10169	0.126
hs1	10170	10170	0.126
hs1	10171	10171	0.134
hs1	10172	10172	0.134
hs1	10173	10173	0.134
hs1	10174	10174	0.1335
hs1	10175	10175	0.126
hs1	10176	10176	0.126
hs1	10177	10177	0.134
hs1	10178	10178	0.134
hs1	10179	10179	0.1335
hs1	10180	10180	0.126
hs1	10181	10181	0.126
hs1	10182	10182	0.134
hs1	10183	10183	0.134
hs1	10184	10184	0.134
hs1	10185	10185	0.1335
hs1	10186	10186	0.126
hs1	10187	10187	0.126
hs1	10188	10188	0.134
hs1	10189	10189	0.134
hs1	10190	10190	0.134
hs1	10191	10191	0.1335
hs1	10192	10192	0.126
hs1	10193	10193	0.126
hs1	10194	10194	0.134
hs1	10195	10195	0.134
hs1	10196	10196	0.134
hs1	10197	10197	0.1335
hs1	10198	10198	0.126
hs1	10199	10199	0.126
