mm1	3090000	3090000	2.9
mm1	3090001	3090001	2.9
mm1	3090002	3090002	9.8
mm1	3090003	3090003	4
mm1	3090004	3090004	2.1
mm1	3090005	3090005	9.8
mm1	3090006	3090006	6.1
mm1	3090007	3090007	2.3
mm1	3090008	3090008	4.5
mm1	3090009	3090009	6.1
mm1	3090010	3090010	2.1
mm1	3090011	3090011	2.9
mm1	3090012	3090012	2.9
mm1	3090013	3090013	9.8
mm1	3090014	3090014	4.5
mm1	3090015	3090015	2.1
mm1	3090016	3090016	2.3
mm1	3090017	3090017	2.9
mm1	3090018	3090018	9.8
mm1	3090019	3090019	4.5
mm1	3090020	3090020	2.9
mm1	3090021	3090021	2.9
mm1	3090022	3090022	2.9
mm1	3090023	3090023	1.6
mm1	3090024	3090024	4.5
mm1	3090025	3090025	2.1
mm1	3090026	3090026	2.9
mm1	3090027	3090027	4.5
mm1	3090028	3090028	9.8
mm1	3090029	3090029	1.6
mm1	3090030	3090030	2.9
mm1	3090031	3090031	4.5
mm1	3090032	3090032	2.1
mm1	3090033	3090033	4.5
mm1	3090034	3090034	9.8
mm1	3090035	3090035	1.6
mm1	3090036	3090036	4.5
mm1	3090037	3090037	6.1
mm1	3090038	3090038	9.8
mm1	3090039	3090039	2.3
mm1	3090040	3090040	2.1
mm1	3090041	3090041	4.5
mm1	3090042	3090042	6.1
mm1	3090043	3090043	2.1
mm1	3090044	3090044	6.3
mm1	3090045	3090045	1.6
mm1	3090046	3090046	2.9
mm1	3090047	3090047	6.3
mm1	3090048	3090048	1.6
mm1	3090049	3090049	4.5
mm1	3090050	3090050	2.1
mm1	3090051	3090051	9.8
mm1	3090052	3090052	2.3
mm1	3090053	3090053	6.3
mm1	3090054	3090054	2.1
mm1	3090055	3090055	6.1
mm1	3090056	3090056	2.3
mm1	3090057	3090057	2.9
mm1	3090058	3090058	2.9
mm1	3090059	3090059	9.8
mm1	3090060	3090060	6.1
mm1	3090061	3090061	2.3
mm1	3090062	3090062	4.5
mm1	3090063	3090063	2.1
mm1	3090064	3090064	2.9
mm1	3090065	3090065	4.5
mm1	3090066	3090066	2.1
mm1	3090067	3090067	4.5
mm1	3090068	3090068	9.8
mm1	3090069	3090069	1.6
mm1	3090070	3090070	2.9
mm1	3090071	3090071	9.8
mm1	3090072	3090072	2.3
mm1	3090073	3090073	9.8
mm1	3090074	3090074	2.3
mm1	3090075	3090075	4.5
mm1	3090076	3090076	6.1
mm1	3090077	3090077	2.1
mm1	3090078	3090078	9.8
mm1	3090079	3090079	6.1
mm1	3090080	3090080	4.5
mm1	3090081	3090081	1.6
mm1	3090082	3090082	2.9
mm1	3090083	3090083	2.9
mm1	3090084	3090084	4.5
mm1	3090085	3090085	6.1
mm1	3090086	3090086	2.1
mm1	3090087	3090087	9.8
mm1	3090088	3090088	6.1
mm1	3090089	3090089	4.5
mm1	3090090	3090090	1.6
mm1	3090091	3090091	9.8
mm1	3090092	3090092	2.3
mm1	3090093	3090093	2.9
mm1	3090094	3090094	2.9
mm1	3090095	3090095	2.9
mm1	3090096	3090096	9.8
mm1	3090097	3090097	2.3
mm1	3090098	3090098	6.3
mm1	3090099	3090099	1.6
mm1	3090100	3090100	2.9
mm1	3090101	3090101	6.3
mm1	3090102	3090102	2.1
mm1	3090103	3090103	6.1
mm1	3090104	3090104	4.5
mm1	3090105	3090105	1.6
mm1	3090106	3090106	4.5
mm1	3090107	3090107	2.1
mm1	3090108	3090108	2.9
mm1	3090109	3090109	2.9
mm1	3090110	3090110	2.9
mm1	3090111	3090111	2.9
mm1	3090112	3090112	4.5
mm1	3090113	3090113	6.1
mm1	3090114	3090114	9.8
mm1	3090115	3090115	1.6
mm1	3090116	3090116	2.9
mm1	3090117	3090117	2.9
mm1	3090118	3090118	2.9
mm1	3090119	3090119	4.5
mm1	3090120	3090120	6.1
mm1	3090121	3090121	9.8
mm1	3090122	3090122	1.6
mm1	3090123	3090123	2.9
mm1	3090124	3090124	2.9
mm1	3090125	3090125	2.9
mm1	3090126	3090126	4.5
mm1	3090127	3090127	2.1
mm1	3090128	3090128	2.9
mm1	3090129	3090129	2.9
mm1	3090130	3090130	9.8
mm1	3090131	3090131	4.5
mm1	3090132	3090132	1.6
mm1	3090133	3090133	2.9
mm1	3090134	3090134	9.8
mm1	3090135	3090135	2.3
mm1	3090136	3090136	2.9
mm1	3090137	3090137	9.8
mm1	3090138	3090138	2.3
mm1	3090139	3090139	9.8
mm1	3090140	3090140	4
mm1	3090141	3090141	6.1
mm1	3090142	3090142	12.1
mm1	3090143	3090143	4.5
mm1	3090144	3090144	1.6
mm1	3090145	3090145	9.8
mm1	3090146	3090146	2.3
mm1	3090147	3090147	2.9
mm1	3090148	3090148	4.5
mm1	3090149	3090149	2.1
mm1	3090150	3090150	4.5
mm1	3090151	3090151	2.1
mm1	3090152	3090152	6.3
mm1	3090153	3090153	1.6
mm1	3090154	3090154	9.8
mm1	3090155	3090155	6.1
mm1	3090156	3090156	4.5
mm1	3090157	3090157	2.9
mm1	3090158	3090158	1.6
mm1	3090159	3090159	4.5
mm1	3090160	3090160	2.1
mm1	3090161	3090161	2.9
mm1	3090162	3090162	4.5
mm1	3090163	3090163	2.1
mm1	3090164	3090164	9.8
mm1	3090165	3090165	4
mm1	3090166	3090166	9.8
mm1	3090167	3090167	2.3
mm1	3090168	3090168	6.1
mm1	3090169	3090169	2.1
mm1	3090170	3090170	9.8
mm1	3090171	3090171	4.5
mm1	3090172	3090172	2.1
mm1	3090173	3090173	4.5
mm1	3090174	3090174	1.6
mm1	3090175	3090175	2.9
mm1	3090176	3090176	4.5
mm1	3090177	3090177	2.1
mm1	3090178	3090178	4.5
mm1	3090179	3090179	2.1
mm1	3090180	3090180	4.5
mm1	3090181	3090181	2.1
mm1	3090182	3090182	2.9
mm1	3090183	3090183	4.5
mm1	3090184	3090184	6.1
mm1	3090185	3090185	9.8
mm1	3090186	3090186	1.6
mm1	3090187	3090187	4.5
mm1	3090188	3090188	2.1
mm1	3090189	3090189	4.5
mm1	3090190	3090190	2.1
mm1	3090191	3090191	2.9
mm1	3090192	3090192	9.8
mm1	3090193	3090193	2.3
mm1	3090194	3090194	6.3
mm1	3090195	3090195	1.6
mm1	3090196	3090196	2.9
mm1	3090197	3090197	4.5
mm1	3090198	3090198	2.1
mm1	3090199	3090199	9.8
mm1	3090200	3090200	2.3
mm1	3090201	3090201	2.9
mm1	3090202	3090202	9.8
mm1	3090203	3090203	4
mm1	3090204	3090204	2.1
mm1	3090205	3090205	9.8
mm1	3090206	3090206	4.5
mm1	3090207	3090207	1.6
mm1	3090208	3090208	9.8
mm1	3090209	3090209	4
mm1	3090210	3090210	2.1
mm1	3090211	3090211	9.8
mm1	3090212	3090212	6.1
mm1	3090213	3090213	4
mm1	3090214	3090214	9.8
mm1	3090215	3090215	1.6
mm1	3090216	3090216	4.5
mm1	3090217	3090217	2.1
mm1	3090218	3090218	6.3
mm1	3090219	3090219	1.6
mm1	3090220	3090220	9.8
mm1	3090221	3090221	6.1
mm1	3090222	3090222	2.3
mm1	3090223	3090223	2.9
mm1	3090224	3090224	4.5
mm1	3090225	3090225	6.1
mm1	3090226	3090226	9.8
mm1	3090227	3090227	2.1
mm1	3090228	3090228	4.5
mm1	3090229	3090229	1.6
mm1	3090230	3090230	2.9
mm1	3090231	3090231	2.9
mm1	3090232	3090232	4.5
mm1	3090233	3090233	2.1
mm1	3090234	3090234	2.9
mm1	3090235	3090235	2.9
mm1	3090236	3090236	4.5
mm1	3090237	3090237	6.1
mm1	3090238	3090238	2.1
mm1	3090239	3090239	6.3
mm1	3090240	3090240	2.1
mm1	3090241	3090241	6.1
mm1	3090242	3090242	6.1
mm1	3090243	3090243	2.3
mm1	3090244	3090244	2.9
mm1	3090245	3090245	2.9
mm1	3090246	3090246	4.5
mm1	3090247	3090247	2.1
mm1	3090248	3090248	6.3
mm1	3090249	3090249	1.6
mm1	3090250	3090250	4.5
mm1	3090251	3090251	2.1
mm1	3090252	3090252	4.5
mm1	3090253	3090253	6.1
mm1	3090254	3090254	9.8
mm1	3090255	3090255	2.1
mm1	3090256	3090256	4
mm1	3090257	3090257	12.1
mm1	3090258	3090258	2.3
mm1	3090259	3090259	2.9
mm1	3090260	3090260	9.8
mm1	3090261	3090261	4
mm1	3090262	3090262	6.1
mm1	3090263	3090263	2.1
mm1	3090264	3090264	4.5
mm1	3090265	3090265	9.8
mm1	3090266	3090266	2.3
mm1	3090267	3090267	2.1
mm1	3090268	3090268	2.9
mm1	3090269	3090269	2.9
mm1	3090270	3090270	9.8
mm1	3090271	3090271	6.1
mm1	3090272	3090272	6.1
mm1	3090273	3090273	2.3
mm1	3090274	3090274	2.9
mm1	3090275	3090275	2.9
mm1	3090276	3090276	2.9
mm1	3090277	3090277	4.5
mm1	3090278	3090278	2.1
mm1	3090279	3090279	2.9
mm1	3090280	3090280	2.9
mm1	3090281	3090281	6.3
mm1	3090282	3090282	1.6
mm1	3090283	3090283	2.9
mm1	3090284	3090284	9.8
mm1	3090285	3090285	2.3
mm1	3090286	3090286	9.8
mm1	3090287	3090287	2.3
mm1	3090288	3090288	9.8
mm1	3090289	3090289	2.3
mm1	3090290	3090290	6.3
mm1	3090291	3090291	2.3
mm1	3090292	3090292	2.1
mm1	3090293	3090293	2.9
mm1	3090294	3090294	4.5
mm1	3090295	3090295	6.1
mm1	3090296	3090296	6.1
mm1	3090297	3090297	2.1
mm1	3090298	3090298	2.9
mm1	3090299	3090299	2.9
mm1	3090300	3090300	2.9
mm1	3090301	3090301	2.9
mm1	3090302	3090302	6.3
mm1	3090303	3090303	2.1
mm1	3090304	3090304	6.1
mm1	3090305	3090305	2.3
mm1	3090306	3090306	4.5
mm1	3090307	3090307	2.1
mm1	3090308	3090308	6.3
mm1	3090309	3090309	2.1
mm1	3090310	3090310	2.3
mm1	3090311	3090311	6.3
mm1	3090312	3090312	1.6
mm1	3090313	3090313	9.8
mm1	3090314	3090314	6.1
mm1	3090315	3090315	2.3
mm1	3090316	3090316	2.9
mm1	3090317	3090317	2.9
mm1	3090318	3090318	2.9
mm1	3090319	3090319	9.8
mm1	3090320	3090320	2.3
mm1	3090321	3090321	2.9
mm1	3090322	3090322	4.5
mm1	3090323	3090323	9.8
mm1	3090324	3090324	1.6
mm1	3090325	3090325	2.9
mm1	3090326	3090326	2.9
mm1	3090327	3090327	4.5
mm1	3090328	3090328	6.1
mm1	3090329	3090329	9.8
mm1	3090330	3090330	1.6
mm1	3090331	3090331	4.5
mm1	3090332	3090332	9.8
mm1	3090333	3090333	1.6
mm1	3090334	3090334	4.5
mm1	3090335	3090335	2.1
mm1	3090336	3090336	9.8
mm1	3090337	3090337	2.3
mm1	3090338	3090338	2.9
mm1	3090339	3090339	2.9
mm1	3090340	3090340	9.8
mm1	3090341	3090341	6.1
mm1	3090342	3090342	4.5
mm1	3090343	3090343	1.6
mm1	3090344	3090344	9.8
mm1	3090345	3090345	2.3
mm1	3090346	3090346	9.8
mm1	3090347	3090347	2.3
mm1	3090348	3090348	2.9
mm1	3090349	3090349	2.9
mm1	3090350	3090350	2.9
mm1	3090351	3090351	4.5
mm1	3090352	3090352	6.1
mm1	3090353	3090353	2.1
mm1	3090354	3090354	6.3
mm1	3090355	3090355	1.6
mm1	3090356	3090356	2.9
mm1	3090357	3090357	2.9
mm1	3090358	3090358	2.9
mm1	3090359	3090359	2.9
mm1	3090360	3090360	4.5
mm1	3090361	3090361	2.1
mm1	3090362	3090362	6.3
mm1	3090363	3090363	1.6
mm1	3090364	3090364	6.3
mm1	3090365	3090365	2.3
mm1	3090366	3090366	12.1
mm1	3090367	3090367	6.1
mm1	3090368	3090368	4.5
mm1	3090369	3090369	2.3
mm1	3090370	3090370	2.1
mm1	3090371	3090371	2.9
mm1	3090372	3090372	4.5
mm1	3090373	3090373	2.1
mm1	3090374	3090374	6.3
mm1	3090375	3090375	2.3
mm1	3090376	3090376	6.1
mm1	3090377	3090377	2.1
mm1	3090378	3090378	9.8
mm1	3090379	3090379	2.3
mm1	3090380	3090380	2.9
mm1	3090381	3090381	2.9
mm1	3090382	3090382	9.8
mm1	3090383	3090383	6.1
mm1	3090384	3090384	2.3
mm1	3090385	3090385	2.9
mm1	3090386	3090386	9.8
mm1	3090387	3090387	2.3
mm1	3090388	3090388	9.8
mm1	3090389	3090389	2.3
mm1	3090390	3090390	2.9
mm1	3090391	3090391	2.9
mm1	3090392	3090392	2.9
mm1	3090393	3090393	4.5
mm1	3090394	3090394	6.1
mm1	3090395	3090395	2.1
mm1	3090396	3090396	9.8
mm1	3090397	3090397	2.3
mm1	3090398	3090398	2.9
mm1	3090399	3090399	2.9
mm1	3090400	3090400	2.9
mm1	3090401	3090401	2.9
mm1	3090402	3090402	4.5
mm1	3090403	3090403	2.1
mm1	3090404	3090404	2.9
mm1	3090405	3090405	2.9
mm1	3090406	3090406	6.3
mm1	3090407	3090407	2.9
mm1	3090408	3090408	2.1
mm1	3090409	3090409	6.1
mm1	3090410	3090410	4.5
mm1	3090411	3090411	2.3
mm1	3090412	3090412	2.1
mm1	3090413	3090413	2.9
mm1	3090414	3090414	6.3
mm1	3090415	3090415	1.6
mm1	3090416	3090416	6.3
mm1	3090417	3090417	2.9
mm1	3090418	3090418	2.3
mm1	3090419	3090419	2.1
mm1	3090420	3090420	4.5
mm1	3090421	3090421	2.1
mm1	3090422	3090422	2.9
mm1	3090423	3090423	2.9
mm1	3090424	3090424	6.3
mm1	3090425	3090425	2.1
mm1	3090426	3090426	4
mm1	3090427	3090427	9.8
mm1	3090428	3090428	2.1
mm1	3090429	3090429	2.3
mm1	3090430	3090430	9.8
mm1	3090431	3090431	2.3
mm1	3090432	3090432	2.9
mm1	3090433	3090433	4.5
mm1	3090434	3090434	2.1
mm1	3090435	3090435	4.5
mm1	3090436	3090436	6.1
mm1	3090437	3090437	2.1
mm1	3090438	3090438	9.8
mm1	3090439	3090439	2.3
mm1	3090440	3090440	6.3
mm1	3090441	3090441	1.6
mm1	3090442	3090442	2.9
mm1	3090443	3090443	2.9
mm1	3090444	3090444	6.3
mm1	3090445	3090445	1.6
mm1	3090446	3090446	2.9
mm1	3090447	3090447	2.9
mm1	3090448	3090448	6.3
mm1	3090449	3090449	2.9
mm1	3090450	3090450	2.1
mm1	3090451	3090451	2.3
mm1	3090452	3090452	9.8
mm1	3090453	3090453	2.3
mm1	3090454	3090454	9.8
mm1	3090455	3090455	2.3
mm1	3090456	3090456	2.9
mm1	3090457	3090457	6.3
mm1	3090458	3090458	1.6
mm1	3090459	3090459	2.9
mm1	3090460	3090460	6.3
mm1	3090461	3090461	2.9
mm1	3090462	3090462	2.9
mm1	3090463	3090463	2.1
mm1	3090464	3090464	2.3
mm1	3090465	3090465	4.5
mm1	3090466	3090466	6.1
mm1	3090467	3090467	2.1
mm1	3090468	3090468	2.9
mm1	3090469	3090469	4.5
mm1	3090470	3090470	2.1
mm1	3090471	3090471	2.9
mm1	3090472	3090472	9.8
mm1	3090473	3090473	4.5
mm1	3090474	3090474	1.6
mm1	3090475	3090475	9.8
mm1	3090476	3090476	2.3
mm1	3090477	3090477	4.5
mm1	3090478	3090478	6.1
mm1	3090479	3090479	2.1
mm1	3090480	3090480	2.9
mm1	3090481	3090481	2.9
mm1	3090482	3090482	6.3
mm1	3090483	3090483	2.3
mm1	3090484	3090484	6.1
mm1	3090485	3090485	9.8
mm1	3090486	3090486	1.6
mm1	3090487	3090487	4.5
mm1	3090488	3090488	9.8
mm1	3090489	3090489	1.6
mm1	3090490	3090490	4.5
mm1	3090491	3090491	9.8
mm1	3090492	3090492	1.6
mm1	3090493	3090493	9.8
mm1	3090494	3090494	4.5
mm1	3090495	3090495	2.1
mm1	3090496	3090496	4.5
mm1	3090497	3090497	1.6
mm1	3090498	3090498	6.3
mm1	3090499	3090499	1.6
